126018161
116684174
59539500
126017325
28302020
12903234
26989844
88155080
26998059
28143887
28105870
14356936
27027217
63935150
17508560
46135320
13537566
27518882
26996107
28104736
28674496
14337921
28224353
13537560
38515151
13888939
119807257
28354916
26993872
28757050
28111425
26251350
13767594
27017660
13767597
36863029
26994080
112370878
30043887
66554804
26993873
15633815
28749679
26993866
18220371
27836481
18220370
26994083
27017659
26994081
27017657
30269767
27025901
14862506
34129587
26993519
14337920
28142268
66547735
14862505
22926873
18653467
26990371
13767593
112360049
13530016
28301068
28766504
26478687
63714572
28137281
25757808
26759878
25757462
14356937
72689043
26987272
17223177
28112919
28752822
27017656
66329083
35920239
26481364
29371371
13767595
13768309
74225252
32764193
27008639
14646672
126020054
30046733
63888659
26987811
28693500
27025320
26990831
26985831
30042987
26997734
28687799
26995227
15075928
37742226
26995607
26990827
